[
    {0: 
        {
            'filename': ['./data/nuscenes/samples/CAM_FRONT/n008-2018-08-27-11-48-51-0400__CAM_FRONT__1535385099862404.jpg',
                         './data/nuscenes/samples/CAM_FRONT_RIGHT/n008-2018-08-27-11-48-51-0400__CAM_FRONT_RIGHT__1535385099870482.jpg',
                         './data/nuscenes/samples/CAM_FRONT_LEFT/n008-2018-08-27-11-48-51-0400__CAM_FRONT_LEFT__1535385099854799.jpg', 
                         './data/nuscenes/samples/CAM_BACK/n008-2018-08-27-11-48-51-0400__CAM_BACK__1535385099887558.jpg', 
                         './data/nuscenes/samples/CAM_BACK_LEFT/n008-2018-08-27-11-48-51-0400__CAM_BACK_LEFT__1535385099897405.jpg', 
                         './data/nuscenes/samples/CAM_BACK_RIGHT/n008-2018-08-27-11-48-51-0400__CAM_BACK_RIGHT__1535385099878113.jpg'], 
            
            'ori_shape': [(450, 800, 3), (450, 800, 3), (450, 800, 3), (450, 800, 3), (450, 800, 3), (450, 800, 3)], 
            'img_shape': [(480, 800, 3), (480, 800, 3), (480, 800, 3), (480, 800, 3), (480, 800, 3), (480, 800, 3)], 
            'lidar2img': [array([   [ 6.21933082e+02,  4.19714545e+02,  1.53651074e+01, -1.80907479e+02],
                                    [-8.93163907e+00,  2.67086107e+02, -6.13344764e+02, -3.20858208e+02],
                                    [-1.06580656e-02,  9.98596966e-01,  5.18700753e-02, -4.33978144e-01],
                                    [ 0.00000000e+00,  0.00000000e+00,  0.00000000e+00, 1.00000000e+00]])], 
            'lidar2cam': [array([   [ 0.99989056,  0.01117542, -0.00969416, -0.00246947],
                                    [-0.01026023,  0.05176108, -0.99860679, -0.34941632],
                                    [-0.01065807,  0.99859697,  0.05187008, -0.43397814],
                                    [ 0.        ,  0.        ,  0.        ,  1.        ]]), 
                          array([   [ 0.53659456, -0.84224896, -0.05179733,  0.03247373],
                                    [-0.00129566,  0.06056044, -0.99816369, -0.32677235],
                                    [ 0.8438392 ,  0.53567632,  0.03140514, -0.61171068],
                                    [ 0.        ,  0.        ,  0.        ,  1.        ]]), 
                          array([   [ 0.56825826,  0.82223479,  0.03181973,  0.09543759],
                                    [-0.01471192,  0.04881637, -0.99869942, -0.34416614],
                                    [-0.82271873,  0.56705107,  0.03983696, -0.53766765],
                                    [ 0.        ,  0.        ,  0.        ,  1.        ]]), 
                          array([   [-9.99926579e-01,  8.30039488e-03,  8.82836464e-03, 9.45468121e-04],
                                    [-8.49995086e-03,  3.88018024e-02, -9.99210774e-01, -2.78956955e-01],
                                    [-8.63640045e-03, -9.99212452e-01, -3.87284006e-02, -1.02507236e+00],
                                    [ 0.00000000e+00,  0.00000000e+00,  0.00000000e+00, 1.00000000e+00]]), 
                          array([   [-0.31912737,  0.94685403,  0.04031347, -0.19899055],
                                    [-0.01586539,  0.03719414, -0.99918211, -0.28662008],
                                    [-0.94757903, -0.31950594,  0.00315254, -0.43756917],
                                    [ 0.        ,  0.        ,  0.        ,  1.        ]]), 
                          array([   [-0.38254969, -0.92287394, -0.04426541,  0.08656629],
                                    [ 0.01398373,  0.04212095, -0.99901466, -0.295106  ],
                                    [ 0.92382909, -0.38279174, -0.00320813, -0.46512487],
                                    [ 0.        ,  0.        ,  0.        ,  1.        ]])], 
            'pad_shape': [(480, 800, 3), (480, 800, 3), (480, 800, 3), (480, 800, 3), (480, 800, 3), (480, 800, 3)], 
            'scale_factor': 1.0, 
            'box_mode_3d': <Box3DMode.LIDAR: 0>, 
            'box_type_3d': <class 'mmdet3d.core.bbox.structures.lidar_box3d.LiDARInstance3DBoxes'>, 
            'img_norm_cfg': {'mean': array([123.675, 116.28 , 103.53 ], dtype=float32), 
                             'std': array([58.395, 57.12 , 57.375], dtype=float32), 
                             'to_rgb': True}, 
            'sample_idx': '447c96d132e9494e8b03050e8dcae124', 
            'prev_idx': '0fa505e5dd804d3b9f9f076d23b28d6d', 
            'next_idx': 'baaa60749cd04db7952fd8f4ef8ac837', 
            'pts_filename': './data/nuscenes/samples/LIDAR_TOP/n008-2018-08-27-11-48-51-0400__LIDAR_TOP__1535385099899436.pcd.bin', 
            'scene_token': 'bebf5f5b2a674631ab5c88fd1aa9e87a', 
            'can_bus': array([0.        , 0.        , 0.        , 0.99993108, 0.99993108, 0.99993108, 0.99993108, 0.        , 0.        , 0.        ,0.        , 0.        , 0.        , 0.        , 0.        , 0.        , 0.01092588, 0.        ]), 
            'prev_bev_exists': False}, 
       
    1: 
        {   
            'filename': ['./data/nuscenes/samples/CAM_FRONT/n008-2018-08-27-11-48-51-0400__CAM_FRONT__1535385100362404.jpg', 
                         './data/nuscenes/samples/CAM_FRONT_RIGHT/n008-2018-08-27-11-48-51-0400__CAM_FRONT_RIGHT__1535385100370482.jpg', 
                         './data/nuscenes/samples/CAM_FRONT_LEFT/n008-2018-08-27-11-48-51-0400__CAM_FRONT_LEFT__1535385100354799.jpg', 
                         './data/nuscenes/samples/CAM_BACK/n008-2018-08-27-11-48-51-0400__CAM_BACK__1535385100387558.jpg', 
                         './data/nuscenes/samples/CAM_BACK_LEFT/n008-2018-08-27-11-48-51-0400__CAM_BACK_LEFT__1535385100397405.jpg', 
                         './data/nuscenes/samples/CAM_BACK_RIGHT/n008-2018-08-27-11-48-51-0400__CAM_BACK_RIGHT__1535385100378113.jpg'], 
            
            'ori_shape': [(450, 800, 3), (450, 800, 3), (450, 800, 3), (450, 800, 3), (450, 800, 3), (450, 800, 3)], 
            'img_shape': [(480, 800, 3), (480, 800, 3), (480, 800, 3), (480, 800, 3), (480, 800, 3), (480, 800, 3)], 
            'lidar2img': [array([   [ 6.22003906e+02,  4.19555708e+02,  1.67718044e+01, -1.82561703e+02],
                                    [-8.29515164e+00,  2.68281057e+02, -6.12831974e+02, -3.22391883e+02],
                                    [-1.05033863e-02,  9.98496306e-01,  5.38033942e-02, -4.35565623e-01],
                                    [ 0.00000000e+00,  0.00000000e+00,  0.00000000e+00, 1.00000000e+00]]), 
                          array([   [ 6.82188730e+02, -3.10290999e+02, -1.96685167e+01, -2.29797051e+02],
                                    [ 1.90316027e+02,  1.59917058e+02, -6.19779150e+02, -3.45280046e+02],
                                    [ 8.43900206e-01,  5.35502721e-01,  3.26998166e-02, -6.14307818e-01],
                                    [ 0.00000000e+00,  0.00000000e+00,  0.00000000e+00, 1.00000000e+00]]), 
                          array([   [ 1.72854234e+01,  7.51565314e+02,  3.85652105e+01, -1.62483096e+02],
                                    [-1.93923369e+02,  1.60299381e+02, -6.18937453e+02, -3.38333573e+02],
                                    [-8.22594992e-01,  5.67193222e-01,  4.03649276e-02, -5.36255102e-01],
                                    [ 0.00000000e+00,  0.00000000e+00,  0.00000000e+00, 1.00000000e+00]]), 
                          array([   [-4.02143738e+02, -4.25214500e+02, -1.33197655e+01, -4.36999095e+02],
                                    [-5.38192640e+00, -2.22649723e+02, -4.07445431e+02, -3.54873347e+02],
                                    [-8.68989718e-03, -9.99198152e-01, -3.90837356e-02, -1.02053992e+00],
                                    [ 0.00000000e+00,  0.00000000e+00,  0.00000000e+00, 1.00000000e+00]]), 
                          array([   [-5.93284768e+02,  4.61629050e+02,  2.66228690e+01, -3.08330370e+02],
                                    [-2.31274832e+02, -5.12341119e+01, -6.26255552e+02, -2.81657397e+02],
                                    [-9.47586871e-01, -3.19483256e-01,  3.09363617e-03, -4.35608804e-01],
                                    [ 0.00000000e+00,  0.00000000e+00,  0.00000000e+00, 1.00000000e+00]]), 
                          array([   [ 1.42099567e+02, -7.34740279e+02, -2.96307825e+01, -1.35414967e+02],
                                    [ 2.22665873e+02, -6.16301120e+01, -6.25068932e+02, -2.92799450e+02],
                                    [ 9.23788587e-01, -3.82889813e-01, -3.16820662e-03, -4.64775720e-01],
                                    [ 0.00000000e+00,  0.00000000e+00,  0.00000000e+00, 1.00000000e+00]])], 
            'lidar2cam': [array([   [ 0.99990157,  0.01098826, -0.00872408, -0.00406289],
                                    [-0.00930216,  0.05370647, -0.99851344, -0.35126916],
                                    [-0.01050339,  0.99849631,  0.05380339, -0.43556562],
                                    [ 0.        ,  0.        ,  0.        ,  1.        ]]), 
                          array([   [-0.38263098, -0.92278912, -0.04531862,  0.09023081],
                                    [ 0.01442845,  0.04307708, -0.99896756, -0.29650299],
                                    [ 0.92378859, -0.38288981, -0.00316821, -0.46477572],
                                    [ 0.        ,  0.        ,  0.        ,  1.        ]])], 
       
            'pad_shape': [(480, 800, 3), (480, 800, 3), (480, 800, 3), (480, 800, 3), (480, 800, 3), (480, 800, 3)], 
            'scale_factor': 1.0, 'box_mode_3d': <Box3DMode.LIDAR: 0>, 
            'box_type_3d': <class 'mmdet3d.core.bbox.structures.lidar_box3d.LiDARInstance3DBoxes'>, 
            'img_norm_cfg': {'mean': array([123.675, 116.28 , 103.53 ], dtype=float32), 
            'std': array([58.395, 57.12 , 57.375], dtype=float32), 'to_rgb': True}, 
            'sample_idx': 'baaa60749cd04db7952fd8f4ef8ac837', 
            'prev_idx': '447c96d132e9494e8b03050e8dcae124', 
            'next_idx': 'd7387fb5a21d40a990a5842cca61af1c', 
            'pts_filename': './data/nuscenes/samples/LIDAR_TOP/n008-2018-08-27-11-48-51-0400__LIDAR_TOP__1535385100398781.pcd.bin', 
            'scene_token': 'bebf5f5b2a674631ab5c88fd1aa9e87a', 
            'can_bus': array([4.09655136, 0.03519764, 0.        , 0.99990515, 0.99990515, 0.99990515, 0.99990515, 0.        , 0.        , 0.        , 0.        , 0.        , 0.        , 0.        , 0.        , 0.        , 0.01216565, 0.07103379]), 
            'prev_bev_exists': True}, 
       
    2: {
            'filename': ['./data/nuscenes/samples/CAM_FRONT/n008-2018-08-27-11-48-51-0400__CAM_FRONT__1535385100862404.jpg', 
                         './data/nuscenes/samples/CAM_FRONT_RIGHT/n008-2018-08-27-11-48-51-0400__CAM_FRONT_RIGHT__1535385100870482.jpg', 
                         './data/nuscenes/samples/CAM_FRONT_LEFT/n008-2018-08-27-11-48-51-0400__CAM_FRONT_LEFT__1535385100854799.jpg', 
                         './data/nuscenes/samples/CAM_BACK/n008-2018-08-27-11-48-51-0400__CAM_BACK__1535385100887558.jpg', 
                         './data/nuscenes/samples/CAM_BACK_LEFT/n008-2018-08-27-11-48-51-0400__CAM_BACK_LEFT__1535385100897405.jpg', 
                         './data/nuscenes/samples/CAM_BACK_RIGHT/n008-2018-08-27-11-48-51-0400__CAM_BACK_RIGHT__1535385100878113.jpg'], 
            
            'ori_shape': [(450, 800, 3), (450, 800, 3), (450, 800, 3), (450, 800, 3), (450, 800, 3), (450, 800, 3)], 
            'img_shape': [(480, 800, 3), (480, 800, 3), (480, 800, 3), (480, 800, 3), (480, 800, 3), (480, 800, 3)], 
            'lidar2img': [array([   [ 6.21678469e+02,  4.20021345e+02,  1.71783595e+01, -1.78844107e+02],
                                    [-8.47833717e+00,  2.68831561e+02, -6.12588176e+02, -3.19879153e+02],
                                    [-1.12779959e-02,  9.98438558e-01,  5.47106269e-02, -4.32650101e-01],
                                    [ 0.00000000e+00,  0.00000000e+00,  0.00000000e+00,1.00000000e+00]]), 
                          array([   [ 1.42419602e+02, -7.34662965e+02, -3.00088667e+01, -1.34552318e+02],
                                    [ 2.22722341e+02, -6.12060897e+01, -6.25090477e+02, -2.91234300e+02],
                                    [ 9.23954700e-01, -3.82487464e-01, -3.32458452e-03, -4.62428998e-01],
                                    [ 0.00000000e+00,  0.00000000e+00,  0.00000000e+00, 1.00000000e+00]])], 
         
            'lidar2cam': [array([   [ 9.99893115e-01,  1.17697078e-02, -8.67362815e-03, -5.17100034e-05],
                                    [-9.30401287e-03,  5.46069580e-02, -9.98464579e-01, -3.48351557e-01],
                                    [-1.12779959e-02,  9.98438558e-01,  5.47106269e-02, -4.32650101e-01],
                                    [ 0.00000000e+00,  0.00000000e+00,  0.00000000e+00, 1.00000000e+00]]), 
                          array([   [-0.38222859, -0.92293109, -0.04582032,  0.0900615 ],
                                    [ 0.01445733,  0.04360665, -0.99894417, -0.29486708],
                                    [ 0.9239547 , -0.38248746, -0.00332458, -0.462429  ],
                                    [ 0.        ,  0.        ,  0.        ,  1.        ]])], 
            'pad_shape': [(480, 800, 3), (480, 800, 3), (480, 800, 3), (480, 800, 3), (480, 800, 3), (480, 800, 3)], 
            'scale_factor': 1.0, 'box_mode_3d': <Box3DMode.LIDAR: 0>, 
            'box_type_3d': <class 'mmdet3d.core.bbox.structures.lidar_box3d.LiDARInstance3DBoxes'>, 
            'img_norm_cfg': {'mean': array([123.675, 116.28 , 103.53 ], dtype=float32), 
            'std': array([58.395, 57.12 , 57.375], dtype=float32), 'to_rgb': True}, 
            'sample_idx': 'd7387fb5a21d40a990a5842cca61af1c', 
            'prev_idx': 'baaa60749cd04db7952fd8f4ef8ac837', 
            'next_idx': '252b65dd79ce4712af1b898b64ea3b98', 
            'pts_filename': './data/nuscenes/samples/LIDAR_TOP/n008-2018-08-27-11-48-51-0400__LIDAR_TOP__1535385100898103.pcd.bin', 
            'scene_token': 'bebf5f5b2a674631ab5c88fd1aa9e87a', 
            'can_bus': array([ 4.22992887,  0.0247693 ,  0.        ,  0.99992562,  0.99992562,0.99992562,  0.99992562,  0.        ,  0.        ,  0.        ,0.        ,  0.        ,  0.        ,  0.        ,  0.        ,0.        ,  0.0112524 , -0.05232537]), 
            'prev_bev_exists': True}
    }
]